18
0.08881578947368421 0.02631578947368421
0.1118421052631579 0.049342105263157895
0.3092105263157895 0.0756578947368421
0.27960526315789475 0.20065789473684212
0.2631578947368421 0.3717105263157895
0.9013157894736842 0.21052631578947367
0.7171052631578947 0.3618421052631579
0.9177631578947368 0.3519736842105263
0.9506578947368421 0.8848684210526315
0.8125 0.9703947368421053
0.8717105263157895 0.9375
0.4605263157894737 0.9638157894736842
0.2631578947368421 0.8453947368421053
0.03618421052631579 0.7631578947368421
0.14473684210526316 0.2631578947368421
0.7467105263157895 0.6513157894736842
0.9868421052631579 0.6381578947368421
0.8026315789473685 0.9243421052631579
