21
0.046052631578947366 0.08881578947368421
0.0756578947368421 0.06907894736842106
0.13486842105263158 0.046052631578947366
0.3881578947368421 0.02631578947368421
0.4309210526315789 0.09210526315789473
0.5263157894736842 0.15460526315789475
0.6513157894736842 0.046052631578947366
0.743421052631579 0.08223684210526316
0.7697368421052632 0.09539473684210527
0.819078947368421 0.15789473684210525
0.9144736842105263 0.07894736842105263
0.9572368421052632 0.15460526315789475
0.04276315789473684 0.8421052631578947
0.125 0.7960526315789473
0.08552631578947369 0.8782894736842105
0.2730263157894737 0.7993421052631579
0.20394736842105263 0.9506578947368421
0.4144736842105263 0.9210526315789473
0.8355263157894737 0.9671052631578947
0.8618421052631579 0.8914473684210527
0.9078947368421053 0.6513157894736842
