19
0.16776315789473684 0.05921052631578947
0.34539473684210525 0.07894736842105263
0.35526315789473684 0.17105263157894737
0.3059210526315789 0.23026315789473684
0.5197368421052632 0.3026315789473684
0.7302631578947368 0.11842105263157894
0.6973684210526315 0.18421052631578946
0.5296052631578947 0.17105263157894737
0.8651315789473685 0.5361842105263158
0.9276315789473685 0.6875
0.7828947368421053 0.6611842105263158
0.8585526315789473 0.8388157894736842
0.8980263157894737 0.8947368421052632
0.875 0.9605263157894737
0.4375 0.8388157894736842
0.4868421052631579 0.7763157894736842
0.16447368421052633 0.9506578947368421
0.12171052631578948 0.9769736842105263
0.25 0.40789473684210525
