34
0.0625 0.24013157894736842
0.0756578947368421 0.3059210526315789
0.039473684210526314 0.3684210526315789
0.049342105263157895 0.6513157894736842
0.08223684210526316 0.6743421052631579
0.14144736842105263 0.7664473684210527
0.18092105263157895 0.8157894736842105
0.47368421052631576 0.9506578947368421
0.3980263157894737 0.9868421052631579
0.34868421052631576 0.7368421052631579
0.8223684210526315 0.868421052631579
0.8388157894736842 0.8848684210526315
0.9539473684210527 0.6743421052631579
0.9703947368421053 0.6348684210526315
0.7861842105263158 0.7302631578947368
0.7368421052631579 0.680921052631579
0.5230263157894737 0.7072368421052632
0.48355263157894735 0.6611842105263158
0.8289473684210527 0.4506578947368421
0.881578947368421 0.4473684210526316
0.9769736842105263 0.5098684210526315
0.7072368421052632 0.2631578947368421
0.9243421052631579 0.18092105263157895
0.9375 0.10526315789473684
0.8947368421052632 0.07894736842105263
0.75 0.07236842105263158
0.5263157894736842 0.14802631578947367
0.4473684210526316 0.23684210526315788
0.3684210526315789 0.09868421052631579
0.34210526315789475 0.15460526315789475
0.26973684210526316 0.3092105263157895
0.4440789473684211 0.049342105263157895
0.20065789473684212 0.13815789473684212
0.8421052631578947 0.20723684210526316
