16
0.29276315789473684 0.10197368421052631
0.09210526315789473 0.3256578947368421
0.039473684210526314 0.39473684210526316
0.06907894736842106 0.7631578947368421
0.18092105263157895 0.8421052631578947
0.3026315789473684 0.7796052631578947
0.5855263157894737 0.9671052631578947
0.6118421052631579 0.9769736842105263
0.6743421052631579 0.8881578947368421
0.9078947368421053 0.7664473684210527
0.8914473684210527 0.5986842105263158
0.881578947368421 0.03289473684210526
0.7467105263157895 0.16447368421052633
0.6842105263157895 0.14473684210526316
0.4605263157894737 0.14144736842105263
0.4868421052631579 0.08881578947368421
