41
0.205 0.0725
0.2725 0.42
0.295 0.535
0.0175 0.61
0.3575 0.495
0.415 0.49
0.3075 0.7325
0.3675 0.7825
0.1775 0.865
0.28 0.9125
0.485 0.8175
0.5625 0.8175
0.6225 0.815
0.575 0.6225
0.6 0.575
0.4675 0.32
0.505 0.1825
0.5 0.2525
0.5575 0.045
0.6 0.1925
0.64 0.1875
0.6725 0.27
0.7175 0.1775
0.835 0.15
0.885 0.1375
0.885 0.235
0.9575 0.2225
0.865 0.255
0.97 0.2925
0.8225 0.4825
0.7925 0.4675
0.74 0.315
0.9275 0.6925
0.8675 0.71
0.84 0.72
0.8375 0.8175
0.7525 0.7675
0.7625 0.705
0.875 0.5675
0.7175 0.79
0.9125 0.9525
