127
0.0925 0.035
0.0225 0.215
0.12 0.2025
0.8075 0.665
0.89 0.6775
0.93 0.7225
0.56 0.8475
0.1325 0.0525
0.245 0.0425
0.3725 0.055
0.3325 0.0525
0.3125 0.08
0.3125 0.055
0.4225 0.07
0.3625 0.1
0.3325 0.145
0.3925 0.1475
0.41 0.0875
0.4625 0.1175
0.445 0.145
0.5175 0.185
0.5075 0.36
0.4225 0.19
0.4325 0.24
0.2125 0.1775
0.1625 0.19
0.1375 0.24
0.165 0.2975
0.1925 0.3
0.1375 0.31
0.0975 0.3275
0.0325 0.3075
0.215 0.2725
0.2225 0.315
0.2025 0.3425
0.27 0.3475
0.24 0.355
0.31 0.3
0.24 0.29
0.3625 0.27
0.0725 0.3475
0.1025 0.3825
0.075 0.44
0.0475 0.4325
0.025 0.4225
0.095 0.4625
0.0925 0.4325
0.1675 0.5825
0.1275 0.6075
0.075 0.62
0.04 0.5325
0.1675 0.6575
0.2125 0.6575
0.1925 0.68
0.0875 0.8925
0.2125 0.85
0.3175 0.8075
0.3475 0.805
0.3275 0.7575
0.35 0.7675
0.365 0.74
0.375 0.685
0.385 0.645
0.4225 0.64
0.36 0.5575
0.335 0.655
0.2825 0.735
0.2525 0.88
0.2925 0.91
0.3025 0.93
0.3675 0.93
0.3775 0.875
0.39 0.9575
0.45 0.9675
0.52 0.8825
0.54 0.8875
0.5775 0.875
0.5925 0.895
0.575 0.9425
0.5075 0.8
0.5275 0.7775
0.5475 0.795
0.445 0.8025
0.47 0.82
0.4375 0.8325
0.5675 0.7475
0.5125 0.71
0.515 0.6175
0.4775 0.5825
0.4575 0.71
0.48 0.73
0.6 0.325
0.5575 0.4125
0.6525 0.5375
0.6725 0.5875
0.6675 0.7725
0.6725 0.815
0.7075 0.8875
0.725 0.9125
0.83 0.85
0.8625 0.86
0.8575 0.795
0.85 0.7475
0.875 0.9
0.845 0.9625
0.87 0.9675
0.955 0.595
0.7675 0.645
0.73 0.6625
0.8625 0.535
0.96 0.4825
0.965 0.4175
0.875 0.34
0.845 0.32
0.885 0.3575
0.885 0.18
0.9075 0.155
0.915 0.115
0.8025 0.0575
0.75 0.1
0.7375 0.0725
0.7625 0.135
0.78 0.1825
0.8225 0.24
0.6875 0.2025
0.705 0.0875
0.6925 0.13
