60
0.065 0.0675
0.095 0.0425
0.04 0.1775
0.0875 0.2725
0.23 0.19
0.23 0.1475
0.275 0.2
0.33 0.185
0.335 0.1075
0.3 0.3125
0.2175 0.335
0.1875 0.3625
0.29 0.4125
0.31 0.4475
0.4675 0.1325
0.45 0.1725
0.485 0.1725
0.5325 0.1325
0.61 0.0825
0.6175 0.1475
0.9 0.07
0.9 0.11
0.805 0.1225
0.7525 0.0975
0.7625 0.2
0.7575 0.245
0.8175 0.335
0.835 0.41
0.87 0.435
0.0275 0.2025
0.035 0.6825
0.0475 0.695
0.085 0.68
0.1525 0.775
0.17 0.78
0.2175 0.67
0.265 0.765
0.25 0.82
0.375 0.8425
0.205 0.885
0.1275 0.8825
0.07 0.925
0.4575 0.855
0.34 0.61
0.5375 0.845
0.445 0.895
0.575 0.85
0.555 0.99
0.655 0.8375
0.7 0.8175
0.8025 0.9075
0.9425 0.9275
0.8675 0.785
0.7875 0.785
0.7675 0.735
0.68 0.67
0.8275 0.6575
0.9 0.5975
0.9275 0.595
0.795 0.54
