57
0.97 0.1375
0.8575 0.0775
0.765 0.195
0.6675 0.1925
0.5325 0.025
0.545 0.0675
0.5325 0.0875
0.465 0.07
0.5725 0.2025
0.4875 0.175
0.455 0.215
0.4025 0.235
0.375 0.23
0.3425 0.2375
0.225 0.06
0.2625 0.2675
0.1375 0.33
0.0775 0.3475
0.1075 0.3475
0.05 0.5525
0.1275 0.58
0.0675 0.68
0.0725 0.74
0.2075 0.62
0.22 0.6375
0.1475 0.93
0.29 0.6975
0.275 0.865
0.2875 0.895
0.3175 0.7125
0.37 0.745
0.3875 0.745
0.3825 0.81
0.44 0.7525
0.5225 0.775
0.6 0.7825
0.6125 0.9225
0.55 0.905
0.755 0.7825
0.8125 0.78
0.7475 0.96
0.75 0.9
0.97 0.8325
0.855 0.6475
0.89 0.4675
0.9075 0.425
0.8425 0.315
0.9875 0.3175
0.9875 0.505
0.225 0.2225
0.175 0.325
0.1675 0.915
0.51 0.64
0.4625 0.83
0.3875 0.9425
0.34 0.99
0.8475 0.8975
