70
0.0375 0.03
0.2375 0.0825
0.1775 0.1475
0.1575 0.17
0.1425 0.19
0.275 0.14
0.2675 0.3
0.24 0.2975
0.2075 0.315
0.18 0.3275
0.1375 0.3525
0.14 0.45
0.05 0.42
0.375 0.2775
0.3475 0.32
0.2975 0.435
0.2475 0.475
0.5 0.1425
0.5425 0.1425
0.585 0.1375
0.6 0.265
0.575 0.325
0.5425 0.39
0.4025 0.4025
0.6125 0.0175
0.6925 0.04
0.685 0.1025
0.7375 0.0325
0.8125 0.065
0.78 0.0825
0.85 0.045
0.915 0.155
0.87 0.1825
0.835 0.3125
0.785 0.32
0.675 0.3675
0.78 0.4275
0.0425 0.665
0.025 0.7675
0.0925 0.8275
0.0725 0.8575
0.0625 0.895
0.215 0.8625
0.2375 0.94
0.2775 0.8675
0.2175 0.795
0.205 0.745
0.245 0.7175
0.265 0.61
0.36 0.695
0.3625 0.635
0.08 0.9775
0.4225 0.885
0.455 0.89
0.4475 0.86
0.4775 0.715
0.445 0.71
0.54 0.71
0.5625 0.725
0.5875 0.7725
0.515 0.9
0.68 0.79
0.7425 0.8225
0.87 0.8125
0.875 0.6825
0.83 0.7325
0.6775 0.645
0.8575 0.5525
0.945 0.515
0.985 0.6125
