67
0.11197916666666667 0.34765625
0.14973958333333334 0.2604166666666667
0.1796875 0.22526041666666666
0.18229166666666666 0.08463541666666667
0.2799479166666667 0.020833333333333332
0.2786458333333333 0.15234375
0.3893229166666667 0.11979166666666667
0.4700520833333333 0.052083333333333336
0.06510416666666667 0.3671875
0.059895833333333336 0.5234375
0.22005208333333334 0.5481770833333334
0.20833333333333334 0.40234375
0.2721354166666667 0.5286458333333334
0.33203125 0.5104166666666666
0.40234375 0.51171875
0.3502604166666667 0.359375
0.4283854166666667 0.328125
0.45703125 0.3932291666666667
0.5416666666666666 0.29296875
0.5638020833333334 0.3463541666666667
0.5442708333333334 0.4075520833333333
0.6731770833333334 0.16145833333333334
0.6953125 0.12239583333333333
0.7057291666666666 0.061197916666666664
0.84765625 0.022135416666666668
0.9622395833333334 0.17578125
0.8815104166666666 0.24088541666666666
0.828125 0.21223958333333334
0.7317708333333334 0.2903645833333333
0.7408854166666666 0.3880208333333333
0.78515625 0.3411458333333333
0.6263020833333334 0.453125
0.85546875 0.5364583333333334
0.6315104166666666 0.5377604166666666
0.7591145833333334 0.4986979166666667
0.9153645833333334 0.5260416666666666
0.9401041666666666 0.66015625
0.76171875 0.625
0.7369791666666666 0.65234375
0.83203125 0.7083333333333334
0.5859375 0.625
0.6393229166666666 0.7083333333333334
0.14453125 0.5533854166666666
0.11979166666666667 0.6692708333333334
0.18229166666666666 0.6276041666666666
0.22916666666666666 0.62109375
0.2760416666666667 0.6692708333333334
0.16927083333333334 0.75390625
0.31640625 0.6080729166666666
0.3411458333333333 0.5716145833333334
0.4075520833333333 0.6705729166666666
0.4361979166666667 0.6145833333333334
0.5325520833333334 0.6614583333333334
0.6783854166666666 0.78125
0.036458333333333336 0.8815104166666666
0.13802083333333334 0.9596354166666666
0.15104166666666666 0.91796875
0.19791666666666666 0.91015625
0.265625 0.9283854166666666
0.3684895833333333 0.95703125
0.4557291666666667 0.9479166666666666
0.6106770833333334 0.9192708333333334
0.640625 0.9309895833333334
0.66015625 0.9895833333333334
0.7838541666666666 0.8580729166666666
0.8658854166666666 0.81640625
0.9153645833333334 0.8411458333333334
