69
0.09635416666666667 0.09244791666666667
0.055989583333333336 0.12239583333333333
0.14322916666666666 0.11197916666666667
0.22005208333333334 0.203125
0.3645833333333333 0.16666666666666666
0.3216145833333333 0.21484375
0.32421875 0.024739583333333332
0.3033854166666667 0.005208333333333333
0.08463541666666667 0.3216145833333333
0.052083333333333336 0.4739583333333333
0.11067708333333333 0.5247395833333334
0.15625 0.46484375
0.2109375 0.3919270833333333
0.16796875 0.3723958333333333
0.3020833333333333 0.3190104166666667
0.01953125 0.5651041666666666
0.3880208333333333 0.3424479166666667
0.18229166666666666 0.5208333333333334
0.24739583333333334 0.52734375
0.3333333333333333 0.5078125
0.3658854166666667 0.40234375
0.3880208333333333 0.4817708333333333
0.4778645833333333 0.41015625
0.5494791666666666 0.4778645833333333
0.5924479166666666 0.3489583333333333
0.6627604166666666 0.2903645833333333
0.6536458333333334 0.22005208333333334
0.7669270833333334 0.17708333333333334
0.8203125 0.15755208333333334
0.8346354166666666 0.20703125
0.6354166666666666 0.3385416666666667
0.7486979166666666 0.28125
0.8203125 0.2825520833333333
0.6041666666666666 0.4544270833333333
0.80859375 0.5013020833333334
0.6041666666666666 0.5065104166666666
0.9557291666666666 0.4635416666666667
0.8984375 0.4791666666666667
0.8359375 0.4947916666666667
0.5859375 0.5325520833333334
0.9244791666666666 0.5651041666666666
0.90234375 0.62109375
0.5598958333333334 0.5677083333333334
0.6354166666666666 0.7369791666666666
0.16015625 0.6028645833333334
0.21354166666666666 0.5846354166666666
0.3229166666666667 0.5690104166666666
0.16015625 0.6653645833333334
0.14322916666666666 0.7252604166666666
0.21875 0.7109375
0.2630208333333333 0.71484375
0.32421875 0.67578125
0.34765625 0.62109375
0.37109375 0.609375
0.3984375 0.64453125
0.42578125 0.73046875
0.5911458333333334 0.6966145833333334
0.796875 0.703125
0.7825520833333334 0.73828125
0.6796875 0.7721354166666666
0.5598958333333334 0.828125
0.7473958333333334 0.86328125
0.9049479166666666 0.8216145833333334
0.41015625 0.9283854166666666
0.3138020833333333 0.8411458333333334
0.04296875 0.8645833333333334
0.048177083333333336 0.91015625
0.0703125 0.9166666666666666
0.10677083333333333 0.9440104166666666
