134
0.22526041666666666 0.07942708333333333
0.22135416666666666 0.059895833333333336
0.28515625 0.08333333333333333
0.4856770833333333 0.078125
0.4270833333333333 0.018229166666666668
0.5416666666666666 0.014322916666666666
0.4869791666666667 0.10416666666666667
0.6041666666666666 0.014322916666666666
0.61328125 0.044270833333333336
0.6497395833333334 0.10026041666666667
0.71875 0.14713541666666666
0.75390625 0.033854166666666664
0.8111979166666666 0.07552083333333333
0.8255208333333334 0.046875
0.8177083333333334 0.11067708333333333
0.7994791666666666 0.12239583333333333
0.87109375 0.2890625
0.9947916666666666 0.24088541666666666
0.7942708333333334 0.2799479166666667
0.7721354166666666 0.2838541666666667
0.6953125 0.2903645833333333
0.67578125 0.2747395833333333
0.6458333333333334 0.24348958333333334
0.64453125 0.31640625
0.7005208333333334 0.4778645833333333
0.6080729166666666 0.36328125
0.5768229166666666 0.4296875
0.53515625 0.4322916666666667
0.53125 0.3763020833333333
0.4908854166666667 0.3932291666666667
0.4283854166666667 0.36328125
0.4088541666666667 0.4153645833333333
0.4596354166666667 0.23177083333333334
0.3971354166666667 0.24869791666666666
0.3151041666666667 0.17838541666666666
0.3020833333333333 0.16145833333333334
0.24869791666666666 0.18880208333333334
0.296875 0.20703125
0.2955729166666667 0.21614583333333334
0.3229166666666667 0.24088541666666666
0.3828125 0.2630208333333333
0.30078125 0.27734375
0.2630208333333333 0.2955729166666667
0.3333333333333333 0.3372395833333333
0.2708333333333333 0.3229166666666667
0.3072916666666667 0.3190104166666667
0.3046875 0.3541666666666667
0.2916666666666667 0.3684895833333333
0.3489583333333333 0.4596354166666667
0.24739583333333334 0.4440104166666667
0.14973958333333334 0.328125
0.12109375 0.2552083333333333
0.01171875 0.33203125
0.0078125 0.3059895833333333
0.19791666666666666 0.40625
0.17708333333333334 0.4440104166666667
0.015625 0.4440104166666667
0.03125 0.4973958333333333
0.2643229166666667 0.5104166666666666
0.11979166666666667 0.5104166666666666
0.21354166666666666 0.53125
0.22526041666666666 0.5559895833333334
0.23697916666666666 0.5690104166666666
0.2109375 0.62109375
0.3255208333333333 0.5716145833333334
0.265625 0.62890625
0.2786458333333333 0.6432291666666666
0.2604166666666667 0.6640625
0.18229166666666666 0.6692708333333334
0.984375 0.3255208333333333
0.90625 0.3645833333333333
0.9049479166666666 0.44140625
0.77734375 0.5182291666666666
0.7434895833333334 0.3606770833333333
0.63671875 0.3971354166666667
0.61328125 0.49609375
0.8489583333333334 0.42578125
0.9544270833333334 0.3815104166666667
0.9947916666666666 0.4075520833333333
0.3893229166666667 0.5260416666666666
0.3294270833333333 0.5338541666666666
0.3294270833333333 0.6302083333333334
0.3151041666666667 0.6497395833333334
0.4609375 0.625
0.45703125 0.671875
0.2708333333333333 0.7096354166666666
0.22005208333333334 0.7252604166666666
0.12369791666666667 0.7317708333333334
0.2877604166666667 0.8411458333333334
0.19921875 0.8828125
0.22395833333333334 0.8841145833333334
0.19270833333333334 0.9609375
0.2786458333333333 0.9453125
0.4010416666666667 0.8997395833333334
0.22526041666666666 0.7291666666666666
0.3828125 0.8411458333333334
0.4752604166666667 0.84765625
0.4778645833333333 0.8984375
0.41796875 0.6705729166666666
0.4674479166666667 0.7486979166666666
0.4973958333333333 0.7825520833333334
0.41015625 0.5885416666666666
0.4778645833333333 0.5559895833333334
0.5455729166666666 0.5299479166666666
0.578125 0.6536458333333334
0.5963541666666666 0.6236979166666666
0.6341145833333334 0.72265625
0.5638020833333334 0.8216145833333334
0.5846354166666666 0.80859375
0.52734375 0.9205729166666666
0.6145833333333334 0.87890625
0.5611979166666666 0.9153645833333334
0.6588541666666666 0.9635416666666666
0.6640625 0.88671875
0.6640625 0.9166666666666666
0.6822916666666666 0.9192708333333334
0.6744791666666666 0.9427083333333334
0.7447916666666666 0.9075520833333334
0.78515625 0.8880208333333334
0.7799479166666666 0.85546875
0.8255208333333334 0.8229166666666666
0.8411458333333334 0.9778645833333334
0.8919270833333334 0.8971354166666666
0.9375 0.85546875
0.87890625 0.7096354166666666
0.8489583333333334 0.6419270833333334
0.7109375 0.6796875
0.7565104166666666 0.6770833333333334
0.6953125 0.7369791666666666
0.7513020833333334 0.6276041666666666
0.7682291666666666 0.625
0.9010416666666666 0.5924479166666666
0.9375 0.578125
0.9375 0.8580729166666666
