63
0.041666666666666664 0.024739583333333332
0.06640625 0.11848958333333333
0.15364583333333334 0.026041666666666668
0.06901041666666667 0.4153645833333333
0.109375 0.4518229166666667
0.13802083333333334 0.3880208333333333
0.2265625 0.16927083333333334
0.18359375 0.21744791666666666
0.24609375 0.3763020833333333
0.3346354166666667 0.15494791666666666
0.3346354166666667 0.390625
0.29296875 0.41015625
0.4114583333333333 0.4505208333333333
0.4869791666666667 0.39453125
0.3971354166666667 0.09635416666666667
0.53515625 0.33984375
0.578125 0.33203125
0.5989583333333334 0.048177083333333336
0.7174479166666666 0.14192708333333334
0.7239583333333334 0.03515625
0.81640625 0.14322916666666666
0.84375 0.029947916666666668
0.6145833333333334 0.3658854166666667
0.82421875 0.2526041666666667
0.6276041666666666 0.4661458333333333
0.20182291666666666 0.4388020833333333
0.94140625 0.2578125
0.19010416666666666 0.5026041666666666
0.026041666666666668 0.5807291666666666
0.21875 0.5794270833333334
0.2903645833333333 0.5026041666666666
0.3489583333333333 0.5494791666666666
0.3880208333333333 0.5234375
0.46875 0.6145833333333334
0.5130208333333334 0.6119791666666666
0.5911458333333334 0.6145833333333334
0.6145833333333334 0.5442708333333334
0.69921875 0.5442708333333334
0.7109375 0.4713541666666667
0.8255208333333334 0.4622395833333333
0.8177083333333334 0.5364583333333334
0.8606770833333334 0.5286458333333334
0.796875 0.6783854166666666
0.9244791666666666 0.7591145833333334
0.49609375 0.7044270833333334
0.15234375 0.7786458333333334
0.12630208333333334 0.7161458333333334
0.17447916666666666 0.8854166666666666
0.203125 0.9322916666666666
0.21614583333333334 0.8098958333333334
0.3229166666666667 0.80078125
0.44921875 0.8723958333333334
0.3880208333333333 0.921875
0.4049479166666667 0.9296875
0.4791666666666667 0.8997395833333334
0.5130208333333334 0.86328125
0.4375 0.9791666666666666
0.7486979166666666 0.84375
0.7200520833333334 0.9127604166666666
0.84765625 0.8723958333333334
0.8723958333333334 0.8919270833333334
0.8606770833333334 0.94921875
0.859375 0.7682291666666666
