41
0.51171875 0.12630208333333334
0.6171875 0.052083333333333336
0.8190104166666666 0.0078125
0.7786458333333334 0.2708333333333333
0.9140625 0.3424479166666667
0.9700520833333334 0.37890625
0.9192708333333334 0.42578125
0.7708333333333334 0.36328125
0.68359375 0.46484375
0.59765625 0.4739583333333333
0.5598958333333334 0.4166666666666667
0.4166666666666667 0.3815104166666667
0.3294270833333333 0.42578125
0.2994791666666667 0.48828125
0.3268229166666667 0.4934895833333333
0.3645833333333333 0.44140625
0.4609375 0.4153645833333333
0.4895833333333333 0.5690104166666666
0.3619791666666667 0.62109375
0.203125 0.6549479166666666
0.27734375 0.57421875
0.375 0.5703125
0.4700520833333333 0.65234375
0.359375 0.7005208333333334
0.4635416666666667 0.5846354166666666
0.54296875 0.5247395833333334
0.6640625 0.5325520833333334
0.6315104166666666 0.60546875
0.6236979166666666 0.9505208333333334
0.7122395833333334 0.7434895833333334
0.7239583333333334 0.6848958333333334
0.77734375 0.5208333333333334
0.7356770833333334 0.5026041666666666
0.7578125 0.41796875
0.8125 0.40234375
0.859375 0.5442708333333334
0.88671875 0.5442708333333334
0.94140625 0.48046875
0.7942708333333334 0.8736979166666666
0.6875 0.8567708333333334
0.9778645833333334 0.91015625
